0 0.105508 0.093220 0.112712 0.130508
0 0.293220 0.092797 0.138983 0.134746
0 0.491949 0.100424 0.102542 0.127966
0 0.694915 0.099576 0.094915 0.122881
0 0.880932 0.097881 0.097458 0.124576
0 0.105085 0.283898 0.094915 0.120339
0 0.300424 0.286441 0.090678 0.127119
0 0.494915 0.291525 0.091525 0.120339
0 0.691102 0.297034 0.097458 0.138136
0 0.888136 0.290254 0.094915 0.119492
0 0.104237 0.477119 0.106780 0.111864
0 0.308051 0.492797 0.095763 0.121186
0 0.489831 0.492373 0.101695 0.118644
0 0.691102 0.492373 0.094068 0.127119
0 0.885593 0.487288 0.105085 0.116949
0 0.101271 0.675847 0.099153 0.117797
0 0.300424 0.693220 0.112712 0.137288
0 0.500424 0.685593 0.117797 0.118644
0 0.687712 0.683475 0.116102 0.121186
0 0.888136 0.680085 0.116949 0.124576
0 0.105508 0.867373 0.109322 0.121186
0 0.300424 0.873305 0.109322 0.109322
0 0.502966 0.880932 0.121186 0.134746
0 0.690254 0.873305 0.117797 0.127966
0 0.883898 0.873729 0.096610 0.122034